%YAML:1.0
---
calibration_time: "Mon 19 Feb 2024 03:29:36 AM"
image_width: 1920
image_height: 1080
flags: 0
camera_matrix: !!opencv-matrix
   rows: 3
   cols: 3
   dt: d
   data: [ 2.1088263149743348e+03, 0., 1.0022531536455859e+03, 0.,
       1.5964583334559002e+03, 3.4415334843431413e+02, 0., 0., 1. ]
distortion_coefficients: !!opencv-matrix
   rows: 1
   cols: 5
   dt: d
   data: [ -3.9930653977440611e-01, 3.1555571120336984e-01,
       -3.9255674863466279e-04, 8.1403086167909145e-04,
       -2.2930210362050693e-01 ]
avg_reprojection_error: 4.8865407291001239e-01
